 0.005000  35      0.000000  0.000000  1154.835720    0.012500  -1165.367930    -0.007962                      
 0.010000  35      0.000000  0.000000  3230.050987    0.025000  -3251.337618    -0.022300                      
 0.015000  35      0.000000  0.000000  6063.671127    0.037500  -6095.535931    -0.041888                      
 0.020000  35      0.000000  0.000000  9527.412124    0.050000  -9569.670321    -0.065832                      
 0.025000  35      0.000000  0.000000  13516.153133   0.062500  -13568.649095   -0.093406                      
 0.030000  35      0.000000  0.000000  17942.776351   0.075000  -18005.381631   -0.124006                      
 0.035000  35      0.000000  0.000000  22734.776137   0.087500  -22807.384459   -0.157131                      
 0.040000  35      0.000000  0.000000  27831.705824   0.100000  -27914.228926   -0.192363                      
 0.045000  35      0.000000  0.000000  33183.137241   0.112500  -33275.501627   -0.229354                      
 0.050000  35      0.000000  0.000000  38746.988220   0.125000  -38849.132605   -0.267813                      
 0.055000  35      0.000000  0.000000  44488.137139   0.137500  -44600.010390   -0.307497                      
 0.060000  35      0.000000  0.000000  50377.270179   0.150000  -50498.829624   -0.348203                      
 0.065000  35      0.000000  0.000000  56389.920431   0.162500  -56521.130458   -0.389763                      
 0.070000  35      0.000000  0.000000  62505.666309   0.175000  -62646.497195   -0.432036                      
 0.075000  35      0.000000  0.000000  68707.462641   0.187500  -68857.889576   -0.474903                      
 0.080000  35      0.000000  0.000000  74981.082403   0.200000  -75141.084682   -0.518266                      
 0.085000  35      0.000000  0.000000  81314.650783   0.212500  -81484.211122   -0.562044                      
 0.090000  35      0.000000  0.000000  87698.256270   0.225000  -87877.360244   -0.606167                      
 0.095000  35      0.000000  0.000000  94123.626060   0.237500  -94312.261629   -0.650579                      
 0.100000  35      0.000000  0.000000  100583.855119  0.250000  -100782.012234  -0.695232                      
 0.105000  35      0.000000  0.000000  105918.344431  0.250000  -106115.482634  -0.732124                      
 0.110000  35      0.000000  0.000000  110356.739367  0.250000  -110552.629643  -0.762807                      
 0.115000  35      0.000000  0.000000  114056.999461  0.250000  -114251.812290  -0.788382                      
 0.120000  35      0.000000  0.000000  117144.057519  0.250000  -117337.972699  -0.809716                      
 0.125000  35      0.000000  0.000000  119720.237259  0.250000  -119913.406123  -0.827519                      
 0.130000  35      0.000000  0.000000  121870.321729  0.250000  -122062.869137  -0.842377                      
 0.135000  35      0.000000  0.000000  123664.867743  0.250000  -123856.897066  -0.854777                      
 0.140000  35      0.000000  0.000000  125162.695354  0.250000  -125354.292502  -0.865128                      
 0.145000  35      0.000000  0.000000  126412.875084  0.250000  -126604.111613  -0.873767                      
 0.150000  35      0.000000  0.000000  127456.355936  0.250000  -127647.291513  -0.880977                      
 0.155000  35      0.000000  0.000000  128327.313715  0.250000  -128517.998116  -0.886996                      
 0.160000  35      0.000000  0.000000  129054.272797  0.250000  -129244.747559  -0.892019                      
 0.165000  35      0.000000  0.000000  129661.041167  0.250000  -129851.340954  -0.896212                      
 0.170000  35      0.000000  0.000000  130167.490430  0.250000  -130357.644174  -0.899712                      
 0.175000  35      0.000000  0.000000  130590.206708  0.250000  -130780.238555  -0.902633                      
 0.180000  35      0.000000  0.000000  130943.033866  0.250000  -131132.963972  -0.905071                      
 0.185000  35      0.000000  0.000000  131237.526914  0.250000  -131427.372099  -0.907106                      
 0.190000  35      0.000000  0.000000  131483.330428  0.250000  -131673.104732  -0.908804                      
 0.195000  35      0.000000  0.000000  131688.494414  0.250000  -131878.209557  -0.910222                      
 0.200000  35      0.000000  0.000000  131859.737942  0.250000  -132049.403706  -0.911405                      
 0.205000  35      0.000000  0.000000  132002.669198  0.250000  -132192.293746  -0.912393                      
 0.210000  35      0.000000  0.000000  132121.969145  0.250000  -132311.559292  -0.913217                      
 0.215000  35      0.000000  0.000000  132221.544828  0.250000  -132411.106261  -0.913906                      
 0.220000  35      0.000000  0.000000  132304.657326  0.250000  -132494.194793  -0.914480                      
 0.225000  35      0.000000  0.000000  132374.028553  0.250000  -132563.546016  -0.914959                      
 0.230000  35      0.000000  0.000000  132431.930400  0.250000  -132621.431166  -0.915359                      
 0.235000  35      0.000000  0.000000  132480.259138  0.250000  -132669.745968  -0.915693                      
 0.240000  35      0.000000  0.000000  132520.597523  0.250000  -132710.072721  -0.915972                      
 0.245000  35      0.000000  0.000000  132554.266625  0.250000  -132743.732115  -0.916205                      
 0.250000  35      0.000000  0.000000  132582.369101  0.250000  -132771.826487  -0.916399                      
 0.255000  35      0.000000  0.000000  132605.825299  0.250000  -132795.275922  -0.916561                      
 0.260000  35      0.000000  0.000000  132625.403405  0.250000  -132814.848382  -0.916696                      
 0.265000  35      0.000000  0.000000  132641.744596  0.250000  -132831.184861  -0.916809                      
 0.270000  35      0.000000  0.000000  132655.384043  0.250000  -132844.820374  -0.916903                      
 0.275000  35      0.000000  0.000000  132666.768433  0.250000  -132856.201482  -0.916982                      
 0.280000  35      0.000000  0.000000  132676.270604  0.250000  -132865.700913  -0.917048                      
 0.285000  35      0.000000  0.000000  132684.201748  0.250000  -132873.629770  -0.917103                      
 0.290000  35      0.000000  0.000000  132690.821610  0.250000  -132880.247723  -0.917148                      
 0.295000  35      0.000000  0.000000  132696.346988  0.250000  -132885.771507  -0.917187                      
 0.300000  35      0.000000  0.000000  132700.958836  0.250000  -132890.382026  -0.917218                      
 0.305000  35      0.000000  0.000000  132704.808192  0.250000  -132894.230271  -0.917245                      
 0.310000  35      0.000000  0.000000  132708.021120  0.250000  -132897.442274  -0.917267                      
 0.315000  35      0.000000  0.000000  132710.702844  0.250000  -132900.123224  -0.917286                      
 0.320000  35      0.000000  0.000000  132712.941190  0.250000  -132902.360925  -0.917301                      
 0.325000  35      0.000000  0.000000  132714.809463  0.250000  -132904.228658  -0.917314                      
 0.330000  35      0.000000  0.000000  132716.368847  0.250000  -132905.787593  -0.917325                      
 0.335000  35      0.000000  0.000000  132717.670414  0.250000  -132907.088784  -0.917334                      
 0.340000  35      0.000000  0.000000  132718.756788  0.250000  -132908.174845  -0.917341                      
 0.345000  35      0.000000  0.000000  132719.663548  0.250000  -132909.081344  -0.917348                      
 0.350000  35      0.000000  0.000000  132720.420390  0.250000  -132909.837968  -0.917353                      
 0.355000  35      0.000000  0.000000  132721.052101  0.250000  -132910.469497  -0.917357                      
 0.360000  35      0.000000  0.000000  132721.579369  0.250000  -132910.996613  -0.917361                      
 0.365000  35      0.000000  0.000000  132722.019462  0.250000  -132911.436579  -0.917364                      
 0.370000  35      0.000000  0.000000  132722.386793  0.250000  -132911.803804  -0.917366                      
 0.375000  35      0.000000  0.000000  132722.693392  0.250000  -132912.110314  -0.917369                      
 0.380000  35      0.000000  0.000000  132722.949300  0.250000  -132912.366148  -0.917370                      
 0.385000  35      0.000000  0.000000  132723.162898  0.250000  -132912.579685  -0.917372                      
 0.390000  35      0.000000  0.000000  132723.341181  0.250000  -132912.757916  -0.917373                      
 0.395000  35      0.000000  0.000000  132723.489987  0.250000  -132912.906680  -0.917374                      
 0.400000  35      0.000000  0.000000  132723.614191  0.250000  -132913.030848  -0.917375                      
 0.405000  35      0.000000  0.000000  132723.717860  0.250000  -132913.134487  -0.917376                      
 0.410000  35      0.000000  0.000000  132723.804390  0.250000  -132913.220992  -0.917376                      
 0.415000  35      0.000000  0.000000  132723.876612  0.250000  -132913.293193  -0.917377                      
 0.420000  35      0.000000  0.000000  132723.936895  0.250000  -132913.353458  -0.917377                      
 0.425000  35      0.000000  0.000000  132723.987209  0.250000  -132913.403759  -0.917378                      
 0.430000  35      0.000000  0.000000  132724.029206  0.250000  -132913.445743  -0.917378                      
 0.435000  35      0.000000  0.000000  132724.064259  0.250000  -132913.480787  -0.917378                      
 0.440000  35      0.000000  0.000000  132724.093517  0.250000  -132913.510036  -0.917378                      
 0.445000  35      0.000000  0.000000  132724.117938  0.250000  -132913.534449  -0.917378                      
 0.450000  35      0.000000  0.000000  132724.138321  0.250000  -132913.554826  -0.917379                      
 0.455000  35      0.000000  0.000000  132724.155333  0.250000  -132913.571834  -0.917379                      
 0.460000  35      0.000000  0.000000  132724.169534  0.250000  -132913.586030  -0.917379                      
 0.465000  35      0.000000  0.000000  132724.181386  0.250000  -132913.597879  -0.917379                      
 0.470000  35      0.000000  0.000000  132724.191279  0.250000  -132913.607769  -0.917379                      
 0.475000  35      0.000000  0.000000  132724.199536  0.250000  -132913.616024  -0.917379                      
 0.480000  35      0.000000  0.000000  132724.206428  0.250000  -132913.622914  -0.917379                      
 0.485000  35      0.000000  0.000000  132724.212180  0.250000  -132913.628665  -0.917379                      
 0.490000  35      0.000000  0.000000  132724.216982  0.250000  -132913.633465  -0.917379                      
 0.495000  35      0.000000  0.000000  132724.220990  0.250000  -132913.637471  -0.917379                      
 0.500000  31      0.000000  0.000000  109627.508762  0.000000  -109606.286275  -0.758139                      
 0.505000  31      0.000000  0.000000  91219.917735   0.000000  -91194.253990   -0.630610                      
 0.510000  31      0.000000  0.000000  76051.820473   0.000000  -76029.682563   -0.525636                      
 0.515000  31      0.000000  0.000000  63449.405466   0.000000  -63430.960692   -0.438487                      
 0.520000  31      0.000000  0.000000  52949.409352   0.000000  -52934.072435   -0.365905                      
 0.525000  31      0.000000  0.000000  44191.769241   0.000000  -44178.997329   -0.305379                      
 0.530000  31      0.000000  0.000000  36884.240228   0.000000  -36873.592342   -0.254879                      
 0.535000  31      0.000000  0.000000  30785.643230   0.000000  -30776.760834   -0.212735                      
 0.540000  31      0.000000  0.000000  25695.609196   0.000000  -25688.197408   -0.177561                      
 0.545000  31      0.000000  0.000000  21447.218520   0.000000  -21441.033003   -0.148204                      
 0.550000  31      0.000000  0.000000  17901.260271   0.000000  -17896.097796   -0.123701                      
 0.555000  31      0.000000  0.000000  14941.578332   0.000000  -14937.269553   -0.103249                      
 0.560000  31      0.000000  0.000000  12471.234485   0.000000  -12467.638169   -0.086178                      
 0.565000  31      0.000000  0.000000  10409.322304   0.000000  -10406.320617   -0.071930                      
 0.570000  31      0.000000  0.000000  8688.313522    0.000000  -8685.808134    -0.060038                      
 0.575000  31      0.000000  0.000000  7251.845120    0.000000  -7249.753967    -0.050112                      
 0.580000  31      0.000000  0.000000  6052.872964    0.000000  -6051.127554    -0.041826                      
 0.585000  31      0.000000  0.000000  5052.130958    0.000000  -5050.674126    -0.034911                      
 0.590000  31      0.000000  0.000000  4216.845026    0.000000  -4215.629059    -0.029139                      
 0.595000  31      0.000000  0.000000  3519.659750    0.000000  -3518.644824    -0.024321                      
 0.600000  31      0.000000  0.000000  2937.742479    0.000000  -2936.895354    -0.020300                      
 0.605000  31      0.000000  0.000000  2452.035562    0.000000  -2451.328495    -0.016944                      
 0.610000  31      0.000000  0.000000  2046.632215    0.000000  -2046.042050    -0.014143                      
 0.615000  31      0.000000  0.000000  1708.255577    0.000000  -1707.762986    -0.011804                      
 0.620000  31      0.000000  0.000000  1425.823895    0.000000  -1425.412746    -0.009853                      
 0.625000  31      0.000000  0.000000  1190.087600    0.000000  -1189.744428    -0.008224                      
 0.630000  31      0.000000  0.000000  993.326385     0.000000  -993.039951     -0.006864                      
 0.635000  31      0.000000  0.000000  829.096369     0.000000  -828.857291     -0.005729                      
 0.640000  31      0.000000  0.000000  692.019057     0.000000  -691.819507     -0.004782                      
 0.645000  31      0.000000  0.000000  577.605202     0.000000  -577.438644     -0.003991                      
 0.650000  31      0.000000  0.000000  482.107777     0.000000  -481.968757     -0.003331                      
 0.655000  31      0.000000  0.000000  402.399265     0.000000  -402.283230     -0.002781                      
 0.660000  31      0.000000  0.000000  335.869231     0.000000  -335.772380     -0.002321                      
 0.665000  31      0.000000  0.000000  280.338833     0.000000  -280.257995     -0.001937                      
 0.670000  31      0.000000  0.000000  233.989464     0.000000  -233.921991     -0.001617                      
 0.675000  31      0.000000  0.000000  195.303193     0.000000  -195.246876     -0.001350                      
 0.680000  31      0.000000  0.000000  163.013055     0.000000  -162.966049     -0.001126                      
 0.685000  31      0.000000  0.000000  136.061554     0.000000  -136.022320     -0.000940                      
 0.690000  31      0.000000  0.000000  113.566036     0.000000  -113.533289     -0.000785                      
 0.695000  31      0.000000  0.000000  94.789779      0.000000  -94.762445      -0.000655                      
 0.700000  31      0.000000  0.000000  79.117864      0.000000  -79.095049      -0.000547                      
 0.705000  31      0.000000  0.000000  66.037039      0.000000  -66.017997      -0.000456                      
 0.710000  31      0.000000  0.000000  55.118912      0.000000  -55.103018      -0.000381                      
 0.715000  31      0.000000  0.000000  46.005915      0.000000  -45.992649      -0.000318                      
 0.720000  31      0.000000  0.000000  38.399601      0.000000  -38.388529      -0.000265                      
 0.725000  31      0.000000  0.000000  32.050865      0.000000  -32.041623      -0.000221                      
 0.730000  31      0.000000  0.000000  26.751787      0.000000  -26.744073      -0.000185                      
 0.735000  31      0.000000  0.000000  22.328824      0.000000  -22.322385      -0.000154                      
 0.740000  31      0.000000  0.000000  18.637124      0.000000  -18.631749      -0.000129                      
 0.745000  31      0.000000  0.000000  15.555785      0.000000  -15.551299      -0.000107                      
 0.750000  31      0.000000  0.000000  12.983894      0.000000  -12.980150      -0.000090                      
 0.755000  31      0.000000  0.000000  10.837223      0.000000  -10.834098      -0.000075                      
 0.760000  31      0.000000  0.000000  9.045468       0.000000  -9.042860       -0.000063                      
 0.765000  31      0.000000  0.000000  7.549950       0.000000  -7.547773       -0.000052                      
 0.770000  31      0.000000  0.000000  6.301691       0.000000  -6.299874       -0.000044                      
 0.775000  31      0.000000  0.000000  5.259811       0.000000  -5.258295       -0.000036                      
 0.780000  31      0.000000  0.000000  4.390189       0.000000  -4.388923       -0.000030                      
 0.785000  31      0.000000  0.000000  3.664344       0.000000  -3.663288       -0.000025                      
 0.790000  31      0.000000  0.000000  3.058506       0.000000  -3.057624       -0.000021                      
 0.795000  31      0.000000  0.000000  2.552833       0.000000  -2.552096       -0.000018                      
 0.800000  31      0.000000  0.000000  2.130764       0.000000  -2.130150       -0.000015                      
 0.805000  31      0.000000  0.000000  1.778478       0.000000  -1.777965       -0.000012                      
 0.810000  31      0.000000  0.000000  1.484436       0.000000  -1.484008       -0.000010                      
 0.815000  31      0.000000  0.000000  1.239009       0.000000  -1.238652       -0.000009                      
 0.820000  31      0.000000  0.000000  1.034160       0.000000  -1.033861       -0.000007                      
 0.825000  31      0.000000  0.000000  0.863178       0.000000  -0.862930       -0.000006                      
 0.830000  31      0.000000  0.000000  0.720466       0.000000  -0.720258       -0.000005                      
 0.835000  31      0.000000  0.000000  0.601349       0.000000  -0.601176       -0.000004                      
 0.840000  31      0.000000  0.000000  0.501926       0.000000  -0.501781       -0.000003                      
 0.845000  31      0.000000  0.000000  0.418941       0.000000  -0.418820       -0.000003                      
 0.850000  31      0.000000  0.000000  0.349676       0.000000  -0.349575       -0.000002                      
 0.855000  31      0.000000  0.000000  0.291863       0.000000  -0.291779       -0.000002                      
 0.860000  31      0.000000  0.000000  0.243608       0.000000  -0.243538       -0.000002                      
 0.865000  31      0.000000  0.000000  0.203332       0.000000  -0.203273       -0.000001                      
 0.870000  31      0.000000  0.000000  0.169714       0.000000  -0.169665       -0.000001                      
 0.875000  31      0.000000  0.000000  0.141655       0.000000  -0.141614       -0.000001                      
 0.880000  31      0.000000  0.000000  0.118234       0.000000  -0.118200       -0.000001                      
 0.885000  31      0.000000  0.000000  0.098686       0.000000  -0.098658       -0.000001                      
 0.890000  31      0.000000  0.000000  0.082370       0.000000  -0.082346       -0.000001                      
 0.895000  31      0.000000  0.000000  0.068752       0.000000  -0.068732       -0.000000                      
 0.900000  31      0.000000  0.000000  0.057385       0.000000  -0.057368       -0.000000                      
 0.905000  31      0.000000  0.000000  0.047897       0.000000  -0.047883       -0.000000                      
 0.910000  31      0.000000  0.000000  0.039978       0.000000  -0.039967       -0.000000                      
 0.915000  31      0.000000  0.000000  0.033368       0.000000  -0.033359       -0.000000                      
 0.920000  31      0.000000  0.000000  0.027851       0.000000  -0.027843       -0.000000                      
 0.925000  31      0.000000  0.000000  0.023247       0.000000  -0.023240       -0.000000                      
 0.930000  31      0.000000  0.000000  0.019403       0.000000  -0.019398       -0.000000                      
 0.935000  31      0.000000  0.000000  0.016195       0.000000  -0.016191       -0.000000                      
 0.940000  31      0.000000  0.000000  0.013518       0.000000  -0.013514       -0.000000                      
 0.945000  31      0.000000  0.000000  0.011283       0.000000  -0.011279       -0.000000                      
 0.950000  31      0.000000  0.000000  0.009417       0.000000  -0.009415       -0.000000                      
 0.955000  31      0.000000  0.000000  0.007860       0.000000  -0.007858       -0.000000                      
 0.960000  31      0.000000  0.000000  0.006561       0.000000  -0.006559       -0.000000                      
 0.965000  31      0.000000  0.000000  0.005476       0.000000  -0.005474       -0.000000                      
 0.970000  31      0.000000  0.000000  0.004571       0.000000  -0.004569       -0.000000                      
 0.975000  31      0.000000  0.000000  0.003815       0.000000  -0.003814       -0.000000                      
 0.980000  31      0.000000  0.000000  0.003184       0.000000  -0.003183       -0.000000                      
 0.985000  31      0.000000  0.000000  0.002658       0.000000  -0.002657       -0.000000                      
 0.990000  31      0.000000  0.000000  0.002218       0.000000  -0.002218       -0.000000                      
 0.995000  31      0.000000  0.000000  0.001852       0.000000  -0.001851       -0.000000                      
 1.000000  31      0.000000  0.000000  0.001545       0.000000  -0.001545       -0.000000                      
