0 0  0 0 0  0 0 0  
1 0.005  0 0 0  3.87544960211636e-07 0.004418851100998478 0  
2 0.01  0 0 0  1.458643605950841e-06 0.01656010795857372 0  
3 0.015  0 0 0  3.074317971453466e-06 0.03479627441602282 0  
4 0.02  0 0 0  5.140396696780292e-06 0.05808106186192267 0  
5 0.025  0 0 0  7.577043531589722e-06 0.08551790842529298 0  
6 0.03  0 0 0  1.032040462298212e-05 0.1163933982149682 0  
7 0.035  0 0 0  1.331679429235344e-05 0.1501043795409479 0  
8 0.04  0 0 0  1.652242540677029e-05 0.1861610744856251 0  
9 0.045  0 0 0  1.990076627925164e-05 0.2241532970933093 0  
10 0.05  0 0 0  2.342189002021988e-05 0.2637461329518603 0  
11 0.05499999999999999  0 0 0  2.706088564263798e-05 0.3046599750103612 0  
12 0.05999999999999999  0 0 0  3.079732060523588e-05 0.3466661034917393 0  
13 0.06499999999999999  0 0 0  3.461419823128087e-05 0.3895737741023218 0  
14 0.06999999999999999  0 0 0  3.849757308407864e-05 0.4332268686128558 0  
15 0.075  0 0 0  4.243584570606806e-05 0.4774952174424508 0  
16 0.08  0 0 0  4.641949987344018e-05 0.5222722880884498 0  
17 0.08500000000000001  0 0 0  5.044061828823887e-05 0.5674692281206483 0  
18 0.09000000000000001  0 0 0  5.449270809948503e-05 0.6130133571700159 0  
19 0.09500000000000001  0 0 0  5.857036453998932e-05 0.6588440130415326 0  
20 0.1  0 0 0  6.266915822694674e-05 0.7049116208425056 0  
21 0.105  0 0 0  6.639785405992971e-05 0.7467559047697667 0  
22 0.11  0 0 0  6.945742211389438e-05 0.7810395031486516 0  
23 0.115  0 0 0  7.19843204396442e-05 0.8093616173319302 0  
24 0.12  0 0 0  7.4070660100789e-05 0.8327454879096764 0  
25 0.125  0 0 0  7.579455617978681e-05 0.8520683444937158 0  
26 0.13  0 0 0  7.721845786651249e-05 0.868027895243063 0  
27 0.135  0 0 0  7.839487491434483e-05 0.8812140782899643 0  
28 0.14  0 0 0  7.936663709029457e-05 0.8921059710037856 0  
29 0.145  0 0 0  8.016947239330996e-05 0.9011047236153756 0  
30 0.15  0 0 0  8.083265547420559e-05 0.9085379650963894 0  
31 0.1550000000000001  0 0 0  8.138054778872306e-05 0.9146791198754244 0  
32 0.1600000000000001  0 0 0  8.183313775544931e-05 0.9197519510896992 0  
33 0.1650000000000001  0 0 0  8.22070460810842e-05 0.9239429692399568 0  
34 0.1700000000000001  0 0 0  8.251591600316743e-05 0.9274049235780284 0  
35 0.1750000000000001  0 0 0  8.277108955356827e-05 0.9302650813940623 0  
36 0.1800000000000001  0 0 0  8.298187752109332e-05 0.9326276882850174 0  
37 0.1850000000000001  0 0 0  8.31560207651405e-05 0.934579604408867 0  
38 0.1900000000000001  0 0 0  8.329987265731642e-05 0.9361919604391761 0  
39 0.1950000000000001  0 0 0  8.341871687056468e-05 0.937524048508213 0  
40 0.2000000000000001  0 0 0  8.351688824947967e-05 0.9386243958298285 0  
41 0.2050000000000001  0 0 0  8.359799367796406e-05 0.9395334826914417 0  
42 0.2100000000000001  0 0 0  8.366499042267161e-05 0.9402844100783838 0  
43 0.2150000000000001  0 0 0  8.372034102421821e-05 0.9409048197579419 0  
44 0.2200000000000001  0 0 0  8.376606267723741e-05 0.941417286035009 0  
45 0.2250000000000001  0 0 0  8.380383688944004e-05 0.9418406877685295 0  
46 0.2300000000000001  0 0 0  8.383503939202175e-05 0.9421904167821689 0  
47 0.2350000000000001  0 0 0  8.386081858346994e-05 0.9424793701668599 0  
48 0.2400000000000001  0 0 0  8.388211252363664e-05 0.9427180396086252 0  
49 0.2450000000000001  0 0 0  8.389970569611105e-05 0.9429152384263315 0  
50 0.2500000000000001  0 0 0  8.391423756626271e-05 0.9430781156774202 0  
51 0.2550000000000001  0 0 0  8.392624417408179e-05 0.9432126963108324 0  
52 0.2600000000000001  0 0 0  8.393616129287462e-05 0.9433238495371907 0  
53 0.2650000000000001  0 0 0  8.394435533443101e-05 0.9434156961332592 0  
54 0.2700000000000001  0 0 0  8.395112313630548e-05 0.94349155060228 0  
55 0.2750000000000001  0 0 0  8.395671527738902e-05 0.943554233123379 0  
56 0.2800000000000001  0 0 0  8.396133384547255e-05 0.9436059982134889 0  
57 0.2850000000000001  0 0 0  8.396515030617557e-05 0.9436487775068009 0  
58 0.2900000000000001  0 0 0  8.396830214452145e-05 0.9436841030198558 0  
59 0.2950000000000002  0 0 0  8.397090678102792e-05 0.9437132991752691 0  
60 0.3000000000000002  0 0 0  8.397305766172369e-05 0.9437374056862876 0  
61 0.3050000000000002  0 0 0  8.397483527844418e-05 0.9437573318714896 0  
62 0.3100000000000002  0 0 0  8.397630306689052e-05 0.9437737821348376 0  
63 0.3150000000000002  0 0 0  8.397751627520211e-05 0.9437873818909626 0  
64 0.3200000000000002  0 0 0  8.397851789565536e-05 0.9437986072857343 0  
65 0.3250000000000002  0 0 0  8.397934591564127e-05 0.943807889449779 0  
66 0.3300000000000002  0 0 0  8.398002940801508e-05 0.9438155492516594 0  
67 0.3350000000000002  0 0 0  8.398059454961526e-05 0.943821884769569 0  
68 0.3400000000000002  0 0 0  8.398106094209545e-05 0.9438271113352745 0  
69 0.3450000000000002  0 0 0  8.398144667598473e-05 0.9438314358221902 0  
70 0.3500000000000002  0 0 0  8.39817649147534e-05 0.9438350019151046 0  
71 0.3550000000000002  0 0 0  8.398202820658618e-05 0.9438379538929171 0  
72 0.3600000000000002  0 0 0  8.398224534278409e-05 0.9438403868739964 0  
73 0.3650000000000002  0 0 0  8.398242506935105e-05 0.9438424021117535 0  
74 0.3700000000000002  0 0 0  8.39825732127375e-05 0.9438440618687702 0  
75 0.3750000000000002  0 0 0  8.398269590659257e-05 0.9438454377655346 0  
76 0.3800000000000002  0 0 0  8.398279696919531e-05 0.9438465698956396 0  
77 0.3850000000000002  0 0 0  8.398288073707683e-05 0.9438475094186943 0  
78 0.3900000000000002  0 0 0  8.3982949673711e-05 0.9438482815225706 0  
79 0.3950000000000002  0 0 0  8.398300687306737e-05 0.9438489231932971 0  
80 0.4000000000000002  0 0 0  8.398305388812588e-05 0.9438494496439217 0  
81 0.4050000000000002  0 0 0  8.39830929533214e-05 0.9438498880017292 0  
82 0.4100000000000003  0 0 0  8.398312501034511e-05 0.9438502468477029 0  
83 0.4150000000000003  0 0 0  8.398315169733106e-05 0.9438505464158061 0  
84 0.4200000000000003  0 0 0  8.398317354896268e-05 0.943850790916815 0  
85 0.4250000000000003  0 0 0  8.398319178604119e-05 0.9438509957332475 0  
86 0.4300000000000003  0 0 0  8.398320667513115e-05 0.9438511622324215 0  
87 0.4350000000000003  0 0 0  8.398321914360185e-05 0.9438513023545915 0  
88 0.4400000000000003  0 0 0  8.398322928293567e-05 0.9438514156508351 0  
89 0.4450000000000003  0 0 0  8.398323781277917e-05 0.9438515115946128 0  
90 0.4500000000000003  0 0 0  8.398324471281526e-05 0.943851588608924 0  
91 0.4550000000000003  0 0 0  8.39832505526994e-05 0.9438516543781728 0  
92 0.4600000000000003  0 0 0  8.39832552435027e-05 0.9438517066556235 0  
93 0.4650000000000003  0 0 0  8.398325924641181e-05 0.9438517518097562 0  
94 0.4700000000000003  0 0 0  8.398326243086451e-05 0.9438517872269592 0  
95 0.4750000000000003  0 0 0  8.39832651786665e-05 0.9438518182919641 0  
96 0.4800000000000003  0 0 0  8.398326733638495e-05 0.9438518422222568 0  
97 0.4850000000000003  0 0 0  8.398326922665067e-05 0.9438518636537347 0  
98 0.4900000000000003  0 0 0  8.398327068470657e-05 0.9438518797623197 0  
99 0.4950000000000003  0 0 0  8.398327198866351e-05 0.9438518946026884 0  
100 0.5000000000000003  0 0 0  7.623237376608305e-05 0.8554748833693115 0  
101 0.5050000000000003  0 0 0  6.256130095838586e-05 0.7010267785648784 0  
102 0.5100000000000003  0 0 0  5.166978722059845e-05 0.579128593736476 0  
103 0.5150000000000003  0 0 0  4.266170065247987e-05 0.4781561812006658 0  
104 0.5200000000000004  0 0 0  3.525033889958951e-05 0.3951150035647539 0  
105 0.5250000000000004  0 0 0  2.911605420730101e-05 0.3263421441478256 0  
106 0.5300000000000004  0 0 0  2.405548293596405e-05 0.2696323164714861 0  
107 0.5350000000000004  0 0 0  1.987065434583268e-05 0.2227180477455891 0  
108 0.5400000000000004  0 0 0  1.641645937104641e-05 0.1840074964108782 0  
109 0.5450000000000004  0 0 0  1.356080222057743e-05 0.1519952340338525 0  
110 0.5500000000000004  0 0 0  1.120336471018002e-05 0.1255751112030512 0  
111 0.5550000000000004  0 0 0  9.2545780690928e-06 0.1037293846885365 0  
112 0.5600000000000004  0 0 0  7.645724871774284e-06 0.08569854276506408 0  
113 0.5650000000000004  0 0 0  6.31578045112019e-06 0.07079006622429121 0  
114 0.5700000000000004  0 0 0  5.217825112209529e-06 0.05848498016589369 0  
115 0.5750000000000004  0 0 0  4.31019428830115e-06 0.04831054495697953 0  
116 0.5800000000000004  0 0 0  3.560909366494974e-06 0.03991315733320486 0  
117 0.5850000000000004  0 0 0  2.941481498184434e-06 0.03296937786995314 0  
118 0.5900000000000004  0 0 0  2.430148922732966e-06 0.02723884138250518 0  
119 0.5950000000000004  0 0 0  2.007404041867722e-06 0.02249980350344135 0  
120 0.6000000000000004  0 0 0  1.658461921419385e-06 0.01858925882136482 0  
121 0.6050000000000004  0 0 0  1.369943828882433e-06 0.01535485524473612 0  
122 0.6100000000000004  0 0 0  1.131824005060067e-06 0.01268634696654845 0  
123 0.6150000000000004  0 0 0  9.349101138533822e-07 0.01047879980602031 0  
124 0.6200000000000004  0 0 0  7.724195722185606e-07 0.008657897104714523 0  
125 0.6250000000000004  0 0 0  6.380223020966552e-07 0.007151149703957394 0  
126 0.6300000000000004  0 0 0  5.271435272687953e-07 0.005908672783780647 0  
127 0.6350000000000005  0 0 0  4.354120603450654e-07 0.004880207451908551 0  
128 0.6400000000000005  0 0 0  3.597543785996415e-07 0.004032455986828785 0  
129 0.6450000000000005  0 0 0  2.971414377170214e-07 0.003330413922157213 0  
130 0.6500000000000005  0 0 0  2.455191596120645e-07 0.002752023713129075 0  
131 0.6550000000000005  0 0 0  2.027792868775774e-07 0.002272766860990263 0  
132 0.6600000000000005  0 0 0  1.675588750327597e-07 0.001878185311405111 0  
133 0.6650000000000005  0 0 0  1.383823832871479e-07 0.001550983841197555 0  
134 0.6700000000000005  0 0 0  1.143544611366095e-07 0.001281827661699135 0  
135 0.6750000000000005  0 0 0  9.443518597695207e-08 0.001058410099144998 0  
136 0.6800000000000005  0 0 0  7.804473373920935e-08 0.0008748374864401632 0  
137 0.6850000000000005  0 0 0  6.444382566310209e-08 0.0007222592599568471 0  
138 0.6900000000000005  0 0 0  5.326482570636171e-08 0.000597081820439527 0  
139 0.6950000000000005  0 0 0  4.397657140813071e-08 0.0004928584106869743 0  
140 0.7000000000000005  0 0 0  3.635348018928984e-08 0.0004075228523260531 0  
141 0.7050000000000005  0 0 0  3.00089970493194e-08 0.0003363083987746705 0  
142 0.7100000000000005  0 0 0  2.481206872571189e-08 0.0002781542579209796 0  
143 0.7150000000000005  0 0 0  2.047709016304682e-08 0.000229474854222327 0  
144 0.7200000000000005  0 0 0  1.693539858277696e-08 0.0001898630556383317 0  
145 0.7250000000000005  0 0 0  1.397227146996023e-08 0.0001565698152597271 0  
146 0.7300000000000005  0 0 0  1.155975745238214e-08 0.0001296055316833442 0  
147 0.7350000000000005  0 0 0  9.533261023405139e-09 0.0001068188615096058 0  
148 0.7400000000000005  0 0 0  7.890966652318717e-09 8.847995076985842e-05 0  
149 0.7450000000000006  0 0 0  6.504037464048686e-09 7.286905152627159e-05 0  
150 0.7500000000000006  0 0 0  5.387036067519503e-09 6.04112773966505e-05 0  
151 0.7550000000000006  0 0 0  4.436902462533925e-09 4.970242193696873e-05 0  
152 0.7600000000000006  0 0 0  3.678082011452277e-09 4.125356338902924e-05 0  
153 0.7650000000000006  0 0 0  3.02632717280585e-09 3.389450674650983e-05 0  
154 0.7700000000000006  0 0 0  2.511675148927532e-09 2.817737164725749e-05 0  
155 0.7750000000000006  0 0 0  2.063805846209041e-09 2.310831533253359e-05 0  
156 0.7800000000000006  0 0 0  1.715543155831692e-09 1.925172282747804e-05 0  
157 0.7850000000000006  0 0 0  1.407045763645662e-09 1.574899895041085e-05 0  
158 0.7900000000000006  0 0 0  1.172117116982509e-09 1.315879422683203e-05 0  
159 0.7950000000000006  0 0 0  9.589409722830702e-10 1.072817888419069e-05 0  
160 0.8000000000000006  0 0 0  8.01160683137187e-10 8.999215465165896e-06 0  
161 0.8050000000000006  0 0 0  6.532229671504618e-10 7.303113002080883e-06 0  
162 0.8100000000000006  0 0 0  5.479153096050431e-10 6.159192014885237e-06 0  
163 0.8150000000000006  0 0 0  4.446680433717547e-10 4.966935630577683e-06 0  
164 0.8200000000000006  0 0 0  3.750099475290733e-10 4.219823210691031e-06 0  
165 0.8250000000000006  0 0 0  3.024143400133101e-10 3.3737522934747e-06 0  
166 0.8300000000000006  0 0 0  2.569397891109192e-10 2.895215943116549e-06 0  
167 0.8350000000000006  0 0 0  2.054010863217824e-10 2.287521055576256e-06 0  
168 0.8400000000000006  0 0 0  1.762982667361908e-10 1.990250021540591e-06 0  
169 0.8450000000000006  0 0 0  1.392561396164417e-10 1.547166955937662e-06 0  
170 0.8500000000000006  0 0 0  1.212055630637297e-10 1.37175486751341e-06 0  
171 0.8550000000000006  0 0 0  9.417190546449501e-11 1.04277464939359e-06 0  
172 0.8600000000000007  0 0 0  8.35536825439754e-11 9.488388124490803e-07 0  
173 0.8650000000000007  0 0 0  6.345577586079351e-11 6.993413198136221e-07 0  
174 0.8700000000000007  0 0 0  5.780878751782291e-11 6.594646261537713e-07 0  
175 0.8750000000000007  0 0 0  4.254088938252474e-11 4.656890589815825e-07 0  
176 0.8800000000000007  0 0 0  4.01938414413165e-11 4.612878162028916e-07 0  
177 0.8850000000000007  0 0 0  2.831103576453206e-11 3.068982887371436e-07 0  
178 0.8900000000000007  0 0 0  2.813079436557719e-11 3.254040812043218e-07 0  
179 0.8950000000000007  0 0 0  1.863994645626751e-11 1.991440912650782e-07 0  
180 0.9000000000000007  0 0 0  1.98598944300399e-11 2.320821380109516e-07 0  
181 0.9050000000000007  0 0 0  1.207689135011947e-11 1.261723812288447e-07 0  
182 0.9100000000000007  0 0 0  1.417988019759931e-11 1.67851485821341e-07 0  
183 0.9150000000000007  0 0 0  7.632120894594837e-12 7.689516918731768e-08 0  
184 0.9200000000000007  0 0 0  1.027066913109194e-11 1.235148624830312e-07 0  
185 0.9250000000000007  0 0 0  4.630446646468713e-12 4.374953334125482e-08 0  
186 0.9300000000000007  0 0 0  7.572346414391382e-12 9.279177005932877e-08 0  
187 0.9350000000000007  0 0 0  2.61132203914077e-12 2.157777116595062e-08 0  
188 0.9400000000000007  0 0 0  5.702576664481868e-12 7.139268462498149e-08 0  
189 0.9450000000000007  0 0 0  1.260656508246155e-12 6.863219555625089e-09 0  
190 0.9500000000000007  0 0 0  4.400237954530348e-12 5.638719579760463e-08 0  
191 0.9550000000000007  0 0 0  3.642854508530846e-13 -2.791207989957494e-09 0  
192 0.9600000000000007  0 0 0  3.48695176810085e-12 4.577274645567362e-08 0  
193 0.9650000000000007  0 0 0  -2.237812897628729e-13 -9.018849416119829e-09 0  
194 0.9700000000000008  0 0 0  2.840826466661761e-12 3.818027868227402e-08 0  
195 0.9750000000000008  0 0 0  -6.030257520493594e-13 -1.293209100790475e-08 0  
196 0.9800000000000008  0 0 0  2.378536238678911e-12 3.267331697779208e-08 0  
197 0.9850000000000008  0 0 0  -8.412058994423464e-13 -1.528803147280535e-08 0  
198 0.9900000000000008  0 0 0  2.043088910672242e-12 2.861082250276305e-08 0  
199 0.9950000000000008  0 0 0  -9.844431447327146e-13 -1.660151121792222e-08 0  
200 1.000000000000001  0 0 0  1.795476388680262e-12 2.555357191368765e-08 0  
